<?xml version="1.0"?>
<opencv_storage>
<camera_matrix type_id="opencv-matrix">
  <rows>3</rows>
  <cols>3</cols>
  <dt>d</dt>
  <data>
    9.4088597780774421e+02 0. 3.7770158111216648e+02 0.
    9.4925081349933703e+02 3.2918621409818121e+02 0. 0. 1.</data></camera_matrix>
<distortion_coefficients type_id="opencv-matrix">
  <rows>1</rows>
  <cols>5</cols>
  <dt>d</dt>
  <data>
    -4.4977607383629226e-01 -3.0529616557684319e-01
    -3.9021603448837856e-03 -2.8130335366792153e-03
    1.2224960045867554e+00</data></distortion_coefficients>
</opencv_storage>
